%YAML:1.0
---
camera_matrix: !!opencv-matrix
   rows: 3
   cols: 3
   dt: d
   data: [ 6.8604333425750860e+02, 0., 3.6645189095329476e+02, 0.,
       6.8154936127267467e+02, 3.4063391549921806e+02, 0., 0., 1. ]
distortion_coefficients: !!opencv-matrix
   rows: 14
   cols: 1
   dt: d
   data: [ -5.4567845843314295e+01, 7.5268992954799739e+02,
       1.1161677551282414e-02, -5.6371942370274791e-03,
       4.4148461894527281e+02, -5.4663342390247173e+01,
       7.5743849906830576e+02, 3.7781790910782053e+02, 0., 0., 0., 0.,
       0., 0. ]
image_width: 640
image_height: 480
rms: 9.5968253719124941e-01
mean_reprojection_error: 9.5968248238490284e-01
