%YAML:1.0
---
camera_matrix: !!opencv-matrix
   rows: 3
   cols: 3
   dt: d
   data: [ 7.0480280894362295e+02, 0., 3.2079251725791846e+02, 0.,
       7.0846165858212953e+02, 2.2253104228142215e+02, 0., 0., 1. ]
distortion_coefficients: !!opencv-matrix
   rows: 14
   cols: 1
   dt: d
   data: [ -1.3089319779807896e+01, 4.3577084956525944e+01,
       -8.0840591788119646e-03, -1.2387260755419831e-03,
       1.0214547667281843e+02, -1.3216011558427935e+01,
       4.5411399172479122e+01, 9.3505715635441305e+01, 0., 0., 0., 0.,
       0., 0. ]
image_width: 640
image_height: 480
rms: 7.4904547925781184e-01
mean_reprojection_error: 7.4904520793635998e-01
